1438
69632
83488
251
31595
117913
96923
1491
115114
52241
121232
101261
35322
117913
20200
41815
17601
34451
122611
115519
98954
47168
109841
66298
15598
49756
49756
95546
55362
99222
101565
28840
11833
117521
110031
106418
33277
51674
16389
4099
38587
34451
34192
95913
111328
97156
64405
61467
111661
92161
99395
89699
83365
17002
122611
56472
118504
56495
110250
49756
43066
110515
33139
89699
57122
57406
19446
39128
61006
38587
96923
121081
57551
54208
74264
92710
20656
57109
75529
33514
22810
16389
23460
65548
79094
64348
70944
1438
65698
69258
6549
60221
52102
49756
83561
58884
51674
85742
9240
49756
17020
7417
54215
32601
117627
54208
7677
93265
105801
7417
107962
41559
56555
42374
57406
62483
70637
25093
52241
106418
11885
80585
25557
31278
34213
119672
29846
113417
97764
47168
94650
3889
69579
34451
50879
54786
105801
92161
87431
74264
35101
59808
66726
117342
111661
87430
70108
56006
103672
122611
50879
121811
56555
95942
52241
71704
88805
34451
67120
49756
62318
104093
14269
49756
44148
77200
115940
42350
94650
95942
15598
57551
115114
119601
98954
123441
113052
16389
116738
47168
66402
98726
97156
95546
116504
69258
29647
42350
5637
4099
49756
99732
11094
16439
25557
52592
57551
95942
6549
16855
56555
11021
103268
70944
17020
95942
80739
58884
51674
85742
9240
49756
17020
105801
103268
53691
22810
19446
95680
74264
14697
39465
110250
121811
29134
57076
42929
9832
24499
5637
5637
47451
71608
61509
85069
122497
71608
35101
76816
47168
29846
73766
70944
83138
122611
103268
96923
1491
17020
6462
91657
42350
5637
57607
119403
24522
52241
120063
27017
49756
34213
99021
93655
42350
49542
16439
70108
9911
107241
56495
70108
16855
15598
118811
31158
75838
41116
17601
96923
1876
71608
16389
4059
1491
115114
32963
49542
1876
111661
26742
15595
90757
20630
22505
57122
72181
85476
4099
103268
4142
16205
7417
16389
115767
28511
6549
108487
31595
17020
28569
70108
77200
50287
87430
28802
3889
18444
49226
70108
64672
38722
16439
38587
538
86188
86188
57406
83561
52241
87430
15598
48968
29134
118811
33139
96826
70637
83316
71534
95157
65698
92161
97156
41559
46861
103268
57122
70944
87805
1622
119009
16205
57551
49542
28013
123441
115028
112531
16389
106418
57551
56495
70108
77200
9502
61467
99824
96955
121811
117521
103284
31595
16205
20656
52241
123441
13419
6462
49542
57551
108013
52241
78996
15108
27017
51792
57521
115940
8151
15598
95623
85742
101565
87430
28802
99395
67120
58884
52241
70944
39346
52236
47168
13167
122011
7417
57607
52592
56672
39457
117342
32836
87805
115006
80585
123441
122011
113052
52601
29647
31137
70231
49542
23361
85476
101830
51815
99395
115028
112161
12250
38678
102231
83974
70108
77200
9502
61467
83561
31278
101261
73766
9240
107091
66402
95852
33462
117627
77337
2310
61780
123441
55362
8417
56555
99395
56672
16389
121811
99395
115028
71608
42673
33514
113850
35101
61509
16855
11833
75994
119681
80799
114044
59808
57122
32836
33277
54215
5637
108487
512
16439
99732
98426
29134
105801
103268
120935
56472
103978
85905
25093
9502
2310
57406
80799
9096
105342
49756
99732
53168
34451
11885
39128
11885
92161
115767
108487
197
79762
59808
85905
111214
7417
54215
77200
35101
66402
94650
90757
99021
4099
57406
78777
70637
84891
87805
40004
21486
77958
43980
15736
71608
61509
77200
83138
61509
34451
29565
9911
26297
4099
49756
105801
28231
34280
103268
103706
93473
32963
117342
29647
19446
36842
59991
88805
20076
64838
95852
71534
10435
22608
29846
39464
120197
118811
33139
57122
62318
104093
57406
109841
42374
105122
122707
4099
28511
96119
55334
29288
120063
118811
87375
108392
111355
73766
31202
44148
79094
33139
110803
1491
66726
87430
17002
39128
121081
16439
111739
7849
70944
117521
121232
54208
9956
37286
120063
29846
61006
43980
98954
33650
41495
82966
110250
101752
52241
92161
79094
62839
109323
117521
32836
75838
56672
34451
67120
28840
11833
48255
14269
24156
99732
41560
95680
118010
56672
86404
96119
83138
101261
112244
5637
57122
98969
101830
49308
101261
10327
71534
29647
57122
26742
16439
35048
76807
57328
64348
70944
39128
61006
38587
111739
7849
70944
117521
87431
115028
67120
49226
28569
122011
39282
103620
72042
123441
122011
97201
93655
86312
83365
72635
117913
39128
61006
38587
57406
83732
119403
87430
60593
76816
71608
34451
49308
75838
98954
47168
110250
77200
35101
119009
52241
70944
10435
95942
70108
77200
80301
120063
50879
89699
25093
74299
57406
47131
57328
59542
57406
83732
119403
39457
9240
104668
22531
16318
69632
65548
42854
57076
24499
16855
110803
72635
117913
56472
110031
59808
119009
88805
11833
41560
52241
48968
21795
6375
85069
65698
29866
34451
111663
25093
103978
74299
57406
47131
57328
59542
64405
75021
122011
16318
122497
38678
103706
54047
19446
65698
29866
57076
24499
16855
101565
55334
80650
85905
57328
59542
5637
114513
23460
72635
117913
113417
98448
115028
115940
26297
99021
2310
92061
18288
20630
105342
49756
95546
23361
75871
52241
70845
27017
49542
7677
9832
121081
16439
38587
28231
122011
11885
93655
80799
28511
13010
121232
49756
116504
111739
54215
34825
28231
9911
5867
62839
