88121
91412
144008
46661
53577
76793
161036
98700
78646
49203
123463
135342
22279
76793
61952
177654
65502
141761
22949
29104
34397
117806
7484
8964
86010
117936
117936
82401
95247
68447
37983
62415
70685
138717
110285
99140
120865
77353
98204
125826
114602
141761
109812
109931
87552
63108
46550
47686
118325
21078
127312
26780
53211
73126
22949
65227
128082
155936
101326
117936
140286
100899
102375
26780
168875
114690
106448
103879
141965
114602
161036
124130
22226
9699
19014
172032
125423
13789
160766
32549
27080
98204
69023
191
106427
76649
9114
88121
78046
54724
45220
99292
133246
117936
77771
40231
77353
90128
164691
117936
110166
143470
135324
39193
35504
9699
12564
114665
143403
143470
33041
59195
176791
157139
114690
93621
29547
82400
49203
99140
62233
110587
83352
70626
166947
24569
159131
107484
32583
117806
5955
171167
104404
141761
34714
101762
143403
21078
87464
19014
104255
95439
177580
63791
118325
161812
75715
164929
111328
22949
34714
86814
176791
95008
49203
180375
116903
141761
117103
117936
162701
91183
6878
117936
155107
10586
29391
129334
5955
95008
86010
22226
78646
91799
34397
157788
168259
98204
63335
117806
163265
139488
63108
82401
126784
54724
121051
129334
167810
125826
117936
20596
74369
56188
83352
136508
22226
95008
45220
44945
176791
111745
153438
9114
110166
95008
173103
40231
77353
90128
164691
117936
110166
143403
153438
36039
27080
106448
475
19014
32966
132874
101326
86814
12683
120015
123089
140170
91898
167810
167810
164624
177855
73182
143433
44301
177855
104255
62393
117806
159131
96161
9114
12818
22949
153438
161036
98700
110166
153167
39831
129334
167810
69849
42793
35657
49203
43107
67301
117936
166947
18845
19392
129334
76310
56188
75715
164734
65302
155936
75715
44945
86010
31398
81428
137177
104624
65502
161036
126690
177855
98204
179276
98700
78646
52788
76310
126690
118325
4405
8604
119932
66100
100280
168875
150808
15056
125826
153438
36686
104288
143470
98204
30110
140013
45220
100600
53577
110166
123988
75715
10586
43918
161812
26806
171167
162652
158913
75715
82094
73364
56188
114602
14554
20802
20802
114690
77771
49203
161812
86010
100865
12683
31398
102375
143365
29547
51314
54131
73610
78046
21078
63108
59195
64516
153438
168875
9114
76155
72448
132557
104288
22226
76310
106987
157788
47723
70396
98204
99140
22226
155936
75715
10586
70012
47686
99875
95495
86814
138717
140299
53577
104288
125423
49203
157788
177853
153167
76310
22226
147273
49203
146806
45337
67301
107834
67227
29391
177530
86010
178732
90128
37983
161812
26806
127312
117103
40231
49203
9114
108001
95245
117806
5524
11644
143470
69849
136508
113566
136731
63791
138592
76155
100424
110587
157788
11644
168259
29392
121051
19840
61321
76310
84811
15056
13369
14703
127312
47723
141440
123173
142179
135529
99986
75715
10586
70012
47686
77771
70626
135342
96161
164691
120118
163265
129663
13586
35504
115484
4327
101956
157788
95247
54457
176791
127312
113566
98204
86814
127312
47723
177855
108567
32549
46977
104255
73182
44945
70685
84711
161314
89323
75885
95439
168875
138592
120865
135324
167810
100600
169997
56188
20596
36461
12683
143403
153438
161620
65227
147972
145127
82400
70012
4327
114690
89323
104879
153837
117936
20596
49294
141761
62233
103879
62233
21078
30110
100600
11725
31656
95439
145127
64274
143470
135324
10586
104255
163265
5955
119932
18845
125826
114690
131026
29547
65950
76155
30784
141009
153680
30943
135941
177855
73182
10586
12818
73182
141761
23248
164734
168753
125826
117936
143403
27519
64175
153438
58937
44237
52788
63791
121051
106448
144597
12477
116903
114849
110988
129663
54131
45553
163333
159131
40836
100039
31398
102375
168875
162701
91183
114690
7484
157139
25436
142635
125826
140013
141142
9953
52139
43107
31398
117996
104824
108153
96161
16640
155107
106427
102375
27325
98700
177580
161812
73126
103879
124130
56188
107643
20503
9114
138717
123463
9699
64786
89672
43107
159131
141965
30943
34397
80339
13628
147776
101326
171621
49203
21078
106427
135796
157670
138717
138592
137177
113566
141761
117103
62415
70685
111269
6878
29934
20596
169044
475
91097
113566
52572
141142
12818
135342
42282
167810
168875
79324
13369
162877
135342
150355
54131
121051
168875
4405
56188
61968
47392
130979
76649
9114
103879
141965
114602
107643
20503
9114
138717
87464
47723
117103
158913
123988
11644
68579
165856
32015
157788
11644
109653
19392
156495
53211
164035
76793
103879
141965
114602
114690
84283
42793
161812
112724
62393
177855
141761
162877
137177
34397
117806
101326
10586
104255
132557
49203
9114
45553
95008
75715
10586
61449
43107
34714
26780
82400
38793
114690
161594
130979
84397
114690
84283
42793
136731
164691
96241
178060
81108
91412
191
53448
120015
91898
44945
27325
164035
76793
65227
110285
95439
132557
116903
70685
169044
49203
100865
157799
56052
143433
78046
53971
141761
76333
82400
147972
38793
114690
161594
130979
84397
46550
160621
11644
81108
44301
142179
58937
93412
106448
78046
53971
120015
91898
44945
37983
9953
83275
145127
130979
84397
167810
68839
69023
164035
76793
107484
33039
47723
29391
168753
18845
4327
103872
140735
66100
153837
117936
82401
84811
130290
49203
9312
67301
76310
12564
140170
124130
56188
114602
27519
11644
62233
19392
89323
140013
152684
123463
117936
126784
107643
135324
135366
27519
164734
159109
135796
